1,50,50,"[97.0, 3.0]",18.80786296139897,0,0
2,100,50,"[97.0, 3.0]",18.80786296139897,0.0,0
3,150,4,"[53.125, 31.0]",9.225946698492685,0.0,0
4,200,4,"[53.125, 31.0]",9.225946698492685,0.0,0
5,250,4,"[53.125, 31.0]",9.225946698492685,0.0,0
6,300,4,"[53.125, 31.0]",9.225946698492685,0.0,0
7,350,4,"[53.125, 31.0]",9.225946698492685,0.0,0
8,400,4,"[53.125, 31.0]",9.225946698492685,0.0,0
9,450,4,"[53.125, 31.0]",9.225946698492685,0.0,0
10,500,4,"[53.125, 31.0]",9.225946698492685,0.0,0
11,550,4,"[53.125, 31.0]",9.225946698492685,0.0,0
12,600,4,"[53.125, 31.0]",9.225946698492685,0.0,0
13,650,4,"[53.125, 31.0]",9.225946698492685,0.0,0
14,700,4,"[53.125, 31.0]",9.225946698492685,0.0,0
15,750,4,"[53.125, 31.0]",9.225946698492685,0.0,0
16,800,4,"[53.125, 31.0]",9.225946698492685,0.0,0
17,850,4,"[53.125, 31.0]",9.225946698492685,0.0,0
18,900,4,"[53.125, 31.0]",9.225946698492685,0.0,0
19,950,4,"[53.125, 31.0]",9.225946698492685,0.0,0
20,1000,4,"[53.125, 31.0]",9.225946698492685,0.0,0
21,1050,4,"[53.125, 31.0]",9.225946698492685,0.0,0
22,1100,4,"[53.125, 31.0]",9.225946698492685,0.0,0
23,1150,4,"[53.125, 31.0]",9.225946698492685,0.0,0
24,1200,2,"[53.5641587972641, 31.26393616432324]",7.267987663903142,0.0,0
25,1250,2,"[53.5641587972641, 31.26393616432324]",7.267987663903142,0.0,0
26,1300,2,"[53.5641587972641, 31.26393616432324]",7.267987663903142,0.0,0
27,1350,2,"[53.5641587972641, 31.26393616432324]",7.267987663903142,0.0,0
28,1400,2,"[53.5641587972641, 31.048932444595266]",6.950079012697536,0.0,0
29,1450,2,"[53.5641587972641, 31.048932444595266]",6.950079012697536,0.0,0
30,1500,2,"[53.5641587972641, 31.048932444595266]",6.950079012697536,0.0,0
31,1550,2,"[53.5641587972641, 31.048932444595266]",6.950079012697536,0.0,0
32,1600,2,"[53.5641587972641, 31.048932444595266]",6.950079012697536,0.0,0
33,1650,2,"[53.5641587972641, 31.048932444595266]",6.950079012697536,0.0,0
34,1700,2,"[53.5641587972641, 31.048932444595266]",6.950079012697536,0.0,0
35,1750,2,"[53.5641587972641, 31.048932444595266]",6.950079012697536,0.0,0
36,1800,2,"[53.5641587972641, 31.048932444595266]",6.950079012697536,0.0,0
37,1850,2,"[53.5641587972641, 31.048932444595266]",6.950079012697536,0.0,0
38,1900,46,"[54.1353573411995, 31.289311710053365]",4.612569962541684,0.0,0
39,1950,46,"[54.1353573411995, 31.289311710053365]",4.612569962541684,0.0,0
40,2000,22,"[54.15459135686354, 31.26790285066236]",4.4625721760439845,0.0,0
41,2050,22,"[54.15459135686354, 31.26790285066236]",4.4625721760439845,0.0,0
42,2100,23,"[54.81646689850063, 31.211929008418046]",2.2662883890903487,0.0,0
43,2150,23,"[54.81646689850063, 31.211929008418046]",2.2662883890903487,0.0,0
44,2200,23,"[54.81646689850063, 31.211929008418046]",2.2662883890903487,0.0,0
45,2250,23,"[54.81646689850063, 31.211929008418046]",2.2662883890903487,0.0,0
46,2300,23,"[54.81646689850063, 31.211929008418046]",2.2662883890903487,0.0,0
47,2350,23,"[54.81646689850063, 31.211929008418046]",2.2662883890903487,0.0,0
48,2400,23,"[54.81646689850063, 31.211929008418046]",2.2662883890903487,0.0,0
49,2450,23,"[54.81646689850063, 31.211929008418046]",2.2662883890903487,0.0,0
50,2500,23,"[54.81646689850063, 31.211929008418046]",2.2662883890903487,0.0,0
51,2550,23,"[54.81646689850063, 31.211929008418046]",2.2662883890903487,0.0,0
52,2600,23,"[54.81646689850063, 31.211929008418046]",2.2662883890903487,0.0,0
53,2650,23,"[54.81646689850063, 31.211929008418046]",2.2662883890903487,0.0,0
54,2700,23,"[54.81646689850063, 31.211929008418046]",2.2662883890903487,0.0,0
55,2750,23,"[54.81646689850063, 31.211929008418046]",2.2662883890903487,0.0,0
56,2800,23,"[54.81646689850063, 31.211929008418046]",2.2662883890903487,0.0,0
57,2850,23,"[54.81646689850063, 31.211929008418046]",2.2662883890903487,0.0,0
58,2900,23,"[54.81646689850063, 31.211929008418046]",2.2662883890903487,0.0,0
59,2950,23,"[54.81646689850063, 31.211929008418046]",2.2662883890903487,0.0,0
60,3000,23,"[54.81646689850063, 31.211929008418046]",2.2662883890903487,0.0,0
61,3050,23,"[54.81646689850063, 31.211929008418046]",2.2662883890903487,0.0,0
62,3100,23,"[54.81646689850063, 31.211929008418046]",2.2662883890903487,0.0,0
63,3150,23,"[54.81646689850063, 31.211929008418046]",2.2662883890903487,0.0,0
64,3200,23,"[54.81646689850063, 31.211929008418046]",2.2662883890903487,0.0,0
65,3250,23,"[54.81646689850063, 31.211929008418046]",2.2662883890903487,0.0,0
66,3300,23,"[54.81646689850063, 31.211929008418046]",2.2662883890903487,0.0,0
67,3350,11,"[55.12738545389638, 30.680544063490288]",1.6499006174754385,0.0,0
68,3400,11,"[55.12738545389638, 30.680544063490288]",1.6499006174754385,0.0,0
69,3450,11,"[55.12738545389638, 30.680544063490288]",1.6499006174754385,0.0,0
70,3500,11,"[55.12738545389638, 30.680544063490288]",1.6499006174754385,0.0,0
71,3550,11,"[55.12738545389638, 30.680544063490288]",1.6499006174754385,0.0,0
72,3600,11,"[55.12738545389638, 30.680544063490288]",1.6499006174754385,0.0,0
73,3650,11,"[55.12738545389638, 30.680544063490288]",1.6499006174754385,0.0,0
74,3700,24,"[54.832166359714435, 31.08012136908765]",1.5591727725744846,0.0,0
75,3750,14,"[54.86996756657646, 30.599752510424793]",1.0228187672222973,0.0,0
76,3800,14,"[54.86996756657646, 30.599752510424793]",1.0228187672222973,0.0,0
77,3850,2,"[54.93395306219255, 30.925730100553004]",0.894627546076812,0.0,0
78,3900,2,"[54.93395306219255, 30.925730100553004]",0.894627546076812,0.0,0
79,3950,2,"[54.93395306219255, 30.925730100553004]",0.894627546076812,0.0,0
80,4000,2,"[54.93395306219255, 30.925730100553004]",0.894627546076812,0.0,0
81,4050,2,"[54.93395306219255, 30.925730100553004]",0.894627546076812,0.0,0
82,4100,13,"[54.743575165366195, 30.71349834187191]",0.645075132685136,0.0,0
83,4150,13,"[54.743575165366195, 30.71349834187191]",0.645075132685136,0.0,0
84,4200,13,"[54.743575165366195, 30.71349834187191]",0.645075132685136,0.0,0
85,4250,13,"[54.743575165366195, 30.71349834187191]",0.645075132685136,0.0,0
86,4300,13,"[54.743575165366195, 30.71349834187191]",0.645075132685136,0.0,0
87,4350,8,"[54.81594722852537, 30.752882912306646]",0.22419361622209522,0.0,0
88,4400,8,"[54.81594722852537, 30.752882912306646]",0.22419361622209522,0.0,0
89,4450,8,"[54.81594722852537, 30.752882912306646]",0.22419361622209522,0.0,0
90,4500,8,"[54.81594722852537, 30.752882912306646]",0.22419361622209522,0.0,0
91,4550,8,"[54.81594722852537, 30.752882912306646]",0.22419361622209522,0.0,0
92,4600,8,"[54.81594722852537, 30.752882912306646]",0.22419361622209522,0.0,0
93,4650,8,"[54.81594722852537, 30.752882912306646]",0.22419361622209522,0.0,0
94,4700,1,"[54.82918033331188, 30.80337097490468]",0.093042196231508,0.0,0
95,4750,1,"[54.82918033331188, 30.80337097490468]",0.093042196231508,0.0,0
96,4800,1,"[54.82918033331188, 30.80337097490468]",0.093042196231508,0.0,0
97,4850,1,"[54.82918033331188, 30.80337097490468]",0.093042196231508,0.0,0
98,4900,1,"[54.82918033331188, 30.80337097490468]",0.093042196231508,0.0,0
99,4950,1,"[54.82918033331188, 30.80337097490468]",0.093042196231508,0.0,0
100,5000,1,"[54.82918033331188, 30.80337097490468]",0.093042196231508,0.0,0
101,5050,1,"[54.82918033331188, 30.80337097490468]",0.093042196231508,0.0,0
102,5100,32,"[54.84973804325971, 30.793967317846818]",0.06849095210969836,0.0,0
103,5150,32,"[54.84973804325971, 30.793967317846818]",0.06849095210969836,0.0,0
104,5200,37,"[54.847115906740456, 30.786869712879593]",0.048582831807230775,0.0,0
105,5250,27,"[54.8342422189703, 30.786607526904135]",0.0231968304725072,0.0,0
106,5300,27,"[54.8342422189703, 30.786607526904135]",0.0231968304725072,0.0,0
107,5350,27,"[54.8342422189703, 30.786607526904135]",0.0231968304725072,0.0,0
108,5400,27,"[54.8342422189703, 30.786607526904135]",0.0231968304725072,0.0,0
109,5450,48,"[54.83827086906203, 30.792169753656644]",0.01982794954523115,0.0,0
110,5500,48,"[54.83827086906203, 30.792169753656644]",0.01982794954523115,0.0,0
111,5550,27,"[54.83716889257113, 30.786607526904135]",0.01125197654885568,0.0,0
112,5600,32,"[54.83875490273006, 30.790346221826475]",0.010553309097417696,0.0,0
113,5650,32,"[54.83875490273006, 30.790346221826475]",0.010553309097417696,0.0,0
114,5700,32,"[54.83875490273006, 30.790346221826475]",0.010553309097417696,0.0,0
115,5750,12,"[54.83810076675472, 30.789000965163225]",0.0029051034390903396,0.0,0
116,5800,12,"[54.83810076675472, 30.789000965163225]",0.0029051034390903396,0.0,0
117,5850,12,"[54.83810076675472, 30.789000965163225]",0.0029051034390903396,0.0,0
118,5900,38,"[54.838106831235436, 30.78846507023161]",0.0003194495246887641,0.0,0
119,5950,38,"[54.838106831235436, 30.78846507023161]",0.0003194495246887641,0.0,0
120,6000,38,"[54.838106831235436, 30.78846507023161]",0.0003194495246887641,0.0,0
121,6050,38,"[54.838106831235436, 30.78846507023161]",0.0003194495246887641,0.0,0
122,6100,38,"[54.838106831235436, 30.78846507023161]",0.0003194495246887641,0.0,0
123,6150,38,"[54.838106831235436, 30.78846507023161]",0.0003194495246887641,0.0,0
124,6200,38,"[54.838106831235436, 30.78846507023161]",0.0003194495246887641,0.0,0
125,6250,38,"[54.838106831235436, 30.78846507023161]",0.0003194495246887641,0.0,0
126,6300,38,"[54.838106831235436, 30.78846507023161]",0.0003194495246887641,0.0,0
127,6350,38,"[54.838106831235436, 30.78846507023161]",0.0003194495246887641,0.0,0
128,6400,38,"[54.838106831235436, 30.78846507023161]",0.0003194495246887641,0.0,0
129,6450,38,"[54.838106831235436, 30.78846507023161]",0.0003194495246887641,0.0,0
130,6500,38,"[54.838106831235436, 30.78846507023161]",0.0003194495246887641,0.0,0
131,6550,38,"[54.838106831235436, 30.78846507023161]",0.0003194495246887641,0.0,0
132,6600,31,"[54.83814900479986, 30.78843582188116]",0.0001656243043868244,0.0,0
133,6650,31,"[54.83814900479986, 30.78843582188116]",0.0001656243043868244,0.0,0
134,6700,31,"[54.83814900479986, 30.78843582188116]",0.0001656243043868244,0.0,0
135,6750,31,"[54.83814900479986, 30.78843582188116]",0.0001656243043868244,0.0,0
136,6800,31,"[54.83814900479986, 30.78843582188116]",0.0001656243043868244,0.0,0
137,6850,31,"[54.83814900479986, 30.78843582188116]",0.0001656243043868244,0.0,0
138,6900,31,"[54.83814900479986, 30.78843582188116]",0.0001656243043868244,0.0,0
139,6950,40,"[54.83817131744259, 30.788461084906942]",2.5869574592718436e-05,0.0,0
140,7000,40,"[54.83817131744259, 30.788461084906942]",2.5869574592718436e-05,0.0,0
141,7050,40,"[54.83817131744259, 30.788461084906942]",2.5869574592718436e-05,0.0,0
142,7100,40,"[54.83817131744259, 30.788461084906942]",2.5869574592718436e-05,0.0,0
143,7150,40,"[54.83817131744259, 30.788461084906942]",2.5869574592718436e-05,0.0,0
144,7200,40,"[54.83817131744259, 30.788461084906942]",2.5869574592718436e-05,0.0,0
145,7250,40,"[54.83817131744259, 30.788461084906942]",2.5869574592718436e-05,0.0,0
146,7300,41,"[54.83816535046938, 30.78846153679678]",6.118976038749224e-06,0.0,0
147,7350,41,"[54.83816535046938, 30.78846153679678]",6.118976038749224e-06,0.0,0
148,7400,41,"[54.83816535046938, 30.78846153679678]",6.118976038749224e-06,0.0,0
149,7450,41,"[54.83816535046938, 30.78846153679678]",6.118976038749224e-06,0.0,0
150,7500,50,"[54.838166263478236, 30.78846250050483]",5.9645655241524764e-06,0.0,0
151,7550,50,"[54.838166263478236, 30.78846250050483]",5.9645655241524764e-06,0.0,0
152,7600,50,"[54.838166263478236, 30.78846250050483]",5.9645655241524764e-06,0.0,0
153,7650,50,"[54.838166263478236, 30.78846250050483]",5.9645655241524764e-06,0.0,0
154,7700,5,"[54.83816674533725, 30.788461817985443]",2.5901216105239655e-06,0.0,0
155,7750,5,"[54.83816674533725, 30.788461817985443]",2.5901216105239655e-06,0.0,0
156,7800,5,"[54.83816674533725, 30.788461817985443]",2.5901216105239655e-06,0.0,0
157,7850,5,"[54.83816674533725, 30.788461817985443]",2.5901216105239655e-06,0.0,0
158,7900,5,"[54.83816674533725, 30.788461817985443]",2.5901216105239655e-06,0.0,0
159,7950,50,"[54.838166263478236, 30.78846135440474]",1.2328683780538086e-06,0.0,0
160,8000,50,"[54.838166263478236, 30.78846135440474]",1.2328683780538086e-06,0.0,0
161,8050,20,"[54.83816647172086, 30.78846143031624]",1.5042695622469182e-07,0.0,0
162,8100,20,"[54.83816647172086, 30.78846143031624]",1.5042695622469182e-07,0.0,0
163,8150,20,"[54.83816647172086, 30.78846143031624]",1.5042695622469182e-07,0.0,0
164,8200,20,"[54.83816647172086, 30.78846143031624]",1.5042695622469182e-07,0.0,0
165,8250,20,"[54.83816647172086, 30.78846143031624]",1.5042695622469182e-07,0.0,0
166,8300,20,"[54.83816647172086, 30.78846143031624]",1.5042695622469182e-07,0.0,0
167,8350,49,"[54.83816649064366, 30.78846142364308]",8.823050734463322e-08,0.0,0
168,8400,49,"[54.83816649064366, 30.78846142364308]",8.823050734463322e-08,0.0,0
169,8450,49,"[54.83816649064366, 30.78846142364308]",8.823050734463322e-08,0.0,0
170,8500,49,"[54.83816649064366, 30.78846142364308]",8.823050734463322e-08,0.0,0
171,8550,49,"[54.83816649064366, 30.78846142364308]",8.823050734463322e-08,0.0,0
172,8600,11,"[54.83816650086746, 30.788461407905295]",6.889113990382612e-08,0.0,0
173,8650,17,"[54.838166488493115, 30.78846140310824]",2.2829148349501338e-08,0.0,0
174,8700,6,"[54.83816648999281, 30.788461410213287]",1.8676814761420246e-08,0.0,0
175,8750,6,"[54.83816648999281, 30.788461410213287]",1.8676814761420246e-08,0.0,0
176,8800,6,"[54.83816648999281, 30.788461410213287]",1.8676814761420246e-08,0.0,0
177,8850,6,"[54.83816648999281, 30.788461410213287]",1.8676814761420246e-08,0.0,0
178,8900,6,"[54.83816648999281, 30.788461405224243]",1.5609757042511774e-08,0.0,0
179,8950,13,"[54.83816648902849, 30.788461406516035]",7.118572398212564e-09,0.0,0
180,9000,13,"[54.83816648902849, 30.788461406516035]",7.118572398212564e-09,0.0,0
181,9050,13,"[54.83816648902849, 30.788461406516035]",7.118572398212564e-09,0.0,0
182,9100,13,"[54.83816648902849, 30.788461406516035]",7.118572398212564e-09,0.0,0
183,9150,13,"[54.83816648902849, 30.788461406516035]",7.118572398212564e-09,0.0,0
184,9200,13,"[54.83816648902849, 30.788461406516035]",7.118572398212564e-09,0.0,0
185,9250,5,"[54.83816648903426, 30.78846140738996]",5.586031193161034e-09,0.0,0
186,9300,25,"[54.83816648796161, 30.788461407992685]",3.4391973713354673e-09,0.0,0
187,9350,25,"[54.83816648796161, 30.788461407992685]",3.4391973713354673e-09,0.0,0
188,9400,5,"[54.83816648771297, 30.78846140778581]",2.760479844710062e-09,0.0,0
189,9450,31,"[54.83816648809679, 30.788461407651596]",1.7110721728386125e-09,0.0,0
190,9500,17,"[54.838166488201736, 30.788461407522576]",1.4610108678425604e-09,0.0,0
191,9550,17,"[54.838166488201736, 30.788461407522576]",1.4610108678425604e-09,0.0,0
192,9600,17,"[54.838166488201736, 30.788461407522576]",1.4610108678425604e-09,0.0,0
193,9650,25,"[54.83816648796161, 30.788461407347935]",1.5144507869990775e-10,0.0,0
194,9700,25,"[54.83816648796161, 30.788461407347935]",1.5144507869990775e-10,0.0,0
195,9750,25,"[54.83816648796161, 30.788461407347935]",1.5144507869990775e-10,0.0,0
196,9800,25,"[54.83816648796161, 30.788461407347935]",1.5144507869990775e-10,0.0,0
197,9850,25,"[54.83816648796161, 30.788461407347935]",1.5144507869990775e-10,0.0,0
198,9900,25,"[54.83816648796161, 30.788461407347935]",1.5144507869990775e-10,0.0,0
199,9950,25,"[54.83816648796161, 30.788461407347935]",1.5144507869990775e-10,0.0,0
200,10000,25,"[54.83816648796161, 30.788461407347935]",1.5144507869990775e-10,0.0,0
