1,50,25,"[41.0, 18.0]",68.19586036714769,0,0
2,100,25,"[41.0, 18.0]",68.19586036714769,0.0,0
3,150,16,"[0, 12.625]",45.065457602947866,0.0,0
4,200,32,"[3.6875, 4.75]",29.387796417178187,0.0,0
5,250,20,"[6.5, 12.71875]",28.937565707910352,0.0,0
6,300,7,"[6.890625, 5.6826171875]",23.850494206776645,0.0,0
7,350,7,"[6.890625, 5.6826171875]",23.850494206776645,0.0,0
8,400,30,"[4.69921875, 5.78338623046875]",20.584460138843887,0.0,0
9,450,18,"[4.69921875, 8.2515869140625]",4.910280079974626,0.0,0
10,500,18,"[4.69921875, 8.2515869140625]",4.910280079974626,0.0,0
11,550,18,"[4.69921875, 8.2515869140625]",4.910280079974626,0.0,0
12,600,18,"[5.2666015625, 8.2515869140625]",3.228773925446596,0.0,0
13,650,18,"[5.2666015625, 8.2515869140625]",3.228773925446596,0.0,0
14,700,18,"[5.2666015625, 8.2515869140625]",3.228773925446596,0.0,0
15,750,46,"[5.111673057079315, 9.02562528848648]",2.2854856598767057,0.0,0
16,800,46,"[5.111673057079315, 9.02562528848648]",2.2854856598767057,0.0,0
17,850,46,"[5.111673057079315, 9.02562528848648]",2.2854856598767057,0.0,0
18,900,22,"[5.045130483806133, 8.589514033679734]",1.5918216935802434,0.0,0
19,950,34,"[5.142618536017835, 8.789132043719292]",0.8089664277409554,0.0,0
20,1000,34,"[5.142618536017835, 8.789132043719292]",0.8089664277409554,0.0,0
21,1050,36,"[5.244467525888467, 8.682273588061435]",0.25720927088541146,0.0,0
22,1100,36,"[5.244467525888467, 8.682273588061435]",0.25720927088541146,0.0,0
23,1150,36,"[5.244467525888467, 8.682273588061435]",0.25720927088541146,0.0,0
24,1200,35,"[5.235823425919534, 8.739233870654957]",0.1419179157396968,0.0,0
25,1250,35,"[5.235823425919534, 8.739233870654957]",0.1419179157396968,0.0,0
26,1300,35,"[5.235823425919534, 8.739233870654957]",0.1419179157396968,0.0,0
27,1350,35,"[5.235823425919534, 8.739233870654957]",0.1419179157396968,0.0,0
28,1400,35,"[5.235823425919534, 8.739233870654957]",0.1419179157396968,0.0,0
29,1450,8,"[5.229411501122257, 8.731236033655478]",0.09906619288568663,0.0,0
30,1500,8,"[5.229411501122257, 8.731236033655478]",0.09906619288568663,0.0,0
31,1550,8,"[5.229411501122257, 8.731236033655478]",0.09906619288568663,0.0,0
32,1600,8,"[5.229411501122257, 8.731236033655478]",0.09906619288568663,0.0,0
33,1650,8,"[5.229411501122257, 8.731236033655478]",0.09906619288568663,0.0,0
34,1700,8,"[5.229411501122257, 8.731236033655478]",0.09906619288568663,0.0,0
35,1750,37,"[5.237141233876022, 8.731222460583558]",0.08677273073476499,0.0,0
36,1800,2,"[5.242599273914155, 8.7158993026428]",0.04708727150392633,0.0,0
37,1850,42,"[5.238599630437841, 8.721238255800015]",0.023518738156781183,0.0,0
38,1900,42,"[5.238599630437841, 8.721238255800015]",0.023518738156781183,0.0,0
39,1950,6,"[5.233571541138798, 8.71853977861048]",0.01925486444207536,0.0,0
40,2000,6,"[5.233571541138798, 8.71853977861048]",0.01925486444207536,0.0,0
41,2050,6,"[5.233571541138798, 8.71853977861048]",0.01925486444207536,0.0,0
42,2100,22,"[5.235809396531179, 8.720622483588112]",0.014008678418505838,0.0,0
43,2150,23,"[5.236519157335798, 8.718182724058765]",0.003521608470023807,0.0,0
44,2200,23,"[5.236519157335798, 8.718182724058765]",0.003521608470023807,0.0,0
45,2250,23,"[5.236519157335798, 8.718182724058765]",0.003521608470023807,0.0,0
46,2300,23,"[5.236519157335798, 8.718182724058765]",0.003521608470023807,0.0,0
47,2350,23,"[5.236519157335798, 8.718182724058765]",0.003521608470023807,0.0,0
48,2400,23,"[5.236519157335798, 8.718182724058765]",0.003521608470023807,0.0,0
49,2450,23,"[5.236519157335798, 8.718182724058765]",0.003521608470023807,0.0,0
50,2500,23,"[5.236519157335798, 8.718182724058765]",0.003521608470023807,0.0,0
51,2550,23,"[5.236519157335798, 8.718182724058765]",0.003521608470023807,0.0,0
52,2600,47,"[5.236315016300956, 8.718842323347932]",0.0012433703375336336,0.0,0
53,2650,47,"[5.236315016300956, 8.718842323347932]",0.0012433703375336336,0.0,0
54,2700,47,"[5.236315016300956, 8.718842323347932]",0.0012433703375336336,0.0,0
55,2750,47,"[5.236315016300956, 8.718842323347932]",0.0012433703375336336,0.0,0
56,2800,47,"[5.236315016300956, 8.718842323347932]",0.0012433703375336336,0.0,0
57,2850,22,"[5.236410588902819, 8.718555638947263]",0.0008487973801720727,0.0,0
58,2900,22,"[5.236410588902819, 8.718555638947263]",0.0008487973801720727,0.0,0
59,2950,1,"[5.236346471720546, 8.71859033493551]",0.0005419984438645997,0.0,0
60,3000,1,"[5.236346471720546, 8.718679585561468]",0.00012338865464300852,0.0,0
61,3050,1,"[5.236346471720546, 8.718679585561468]",0.00012338865464300852,0.0,0
62,3100,1,"[5.236346471720546, 8.718679585561468]",0.00012338865464300852,0.0,0
63,3150,1,"[5.236346471720546, 8.718679585561468]",0.00012338865464300852,0.0,0
64,3200,1,"[5.236346471720546, 8.718679585561468]",0.00012338865464300852,0.0,0
65,3250,6,"[5.236356734680156, 8.718684517811642]",0.00011767662347494934,0.0,0
66,3300,8,"[5.236359274082174, 8.718677009071168]",6.399447502758449e-05,0.0,0
67,3350,8,"[5.236359274082174, 8.718677009071168]",6.399447502758449e-05,0.0,0
68,3400,8,"[5.236359274082174, 8.718677009071168]",6.399447502758449e-05,0.0,0
69,3450,8,"[5.236359274082174, 8.718677009071168]",6.399447502758449e-05,0.0,0
70,3500,8,"[5.236359274082174, 8.718677009071168]",6.399447502758449e-05,0.0,0
71,3550,6,"[5.236356734680156, 8.718669207933981]",2.3939999920230548e-05,0.0,0
72,3600,6,"[5.236356734680156, 8.718669207933981]",2.3939999920230548e-05,0.0,0
73,3650,6,"[5.236356734680156, 8.718669207933981]",2.3939999920230548e-05,0.0,0
74,3700,6,"[5.236356734680156, 8.718669207933981]",2.3939999920230548e-05,0.0,0
75,3750,6,"[5.236356734680156, 8.718669207933981]",2.3939999920230548e-05,0.0,0
76,3800,27,"[5.236360541692614, 8.718667811259369]",4.547606863525289e-06,0.0,0
77,3850,27,"[5.236360541692614, 8.718667811259369]",4.547606863525289e-06,0.0,0
78,3900,27,"[5.236360541692614, 8.718667811259369]",4.547606863525289e-06,0.0,0
79,3950,27,"[5.236360541692614, 8.718667811259369]",4.547606863525289e-06,0.0,0
80,4000,27,"[5.236360541692614, 8.718667811259369]",4.547606863525289e-06,0.0,0
81,4050,27,"[5.236360541692614, 8.718667811259369]",4.547606863525289e-06,0.0,0
82,4100,14,"[5.236360416406924, 8.718667954602886]",3.921894560221517e-06,0.0,0
83,4150,14,"[5.236360416406924, 8.718667954602886]",3.921894560221517e-06,0.0,0
84,4200,32,"[5.236360257766123, 8.718667638229]",2.688431152364501e-06,0.0,0
85,4250,32,"[5.236360257766123, 8.718667638229]",2.688431152364501e-06,0.0,0
86,4300,32,"[5.236360257766123, 8.718667638229]",2.688431152364501e-06,0.0,0
87,4350,32,"[5.236360257766123, 8.718667638229]",2.688431152364501e-06,0.0,0
88,4400,4,"[5.236359983045252, 8.718667914099063]",1.3049351110794305e-06,0.0,0
89,4450,4,"[5.236359983045252, 8.718667914099063]",1.3049351110794305e-06,0.0,0
90,4500,16,"[5.236359947102454, 8.718667845689804]",7.735094413874322e-07,0.0,0
91,4550,16,"[5.236359947102454, 8.718667845689804]",7.735094413874322e-07,0.0,0
92,4600,16,"[5.236359947102454, 8.718667845689804]",7.735094413874322e-07,0.0,0
93,4650,27,"[5.236359869244907, 8.718667767865071]",1.5341758796694194e-07,0.0,0
94,4700,27,"[5.236359869244907, 8.718667767865071]",1.5341758796694194e-07,0.0,0
95,4750,27,"[5.236359869244907, 8.718667767865071]",1.5341758796694194e-07,0.0,0
96,4800,27,"[5.236359869244907, 8.718667767865071]",1.5341758796694194e-07,0.0,0
97,4850,32,"[5.236359897963765, 8.718667747913772]",9.370862130708701e-08,0.0,0
98,4900,32,"[5.236359897963765, 8.718667747913772]",9.370862130708701e-08,0.0,0
99,4950,32,"[5.236359897963765, 8.718667747913772]",9.370862130708701e-08,0.0,0
100,5000,32,"[5.236359897963765, 8.718667747913772]",9.370862130708701e-08,0.0,0
101,5050,15,"[5.236359898285195, 8.718667754833964]",9.270473810829571e-08,0.0,0
102,5100,29,"[5.236359873586935, 8.71866775523046]",8.197774548079906e-08,0.0,0
103,5150,29,"[5.236359873586935, 8.71866775523046]",8.197774548079906e-08,0.0,0
104,5200,29,"[5.236359873586935, 8.71866775523046]",8.197774548079906e-08,0.0,0
105,5250,29,"[5.236359873586935, 8.71866775523046]",8.197774548079906e-08,0.0,0
106,5300,9,"[5.236359881804471, 8.71866775433396]",2.6816053377842763e-08,0.0,0
107,5350,9,"[5.236359881804471, 8.71866775433396]",2.6816053377842763e-08,0.0,0
108,5400,9,"[5.236359881804471, 8.71866775433396]",2.6816053377842763e-08,0.0,0
109,5450,9,"[5.236359881804471, 8.71866775433396]",2.6816053377842763e-08,0.0,0
110,5500,9,"[5.236359881804471, 8.71866775433396]",2.6816053377842763e-08,0.0,0
111,5550,46,"[5.236359883202999, 8.71866775469343]",2.1243153014438576e-08,0.0,0
112,5600,25,"[5.236359883724525, 8.71866775400785]",1.5301523603739042e-08,0.0,0
113,5650,25,"[5.236359883724525, 8.71866775400785]",1.5301523603739042e-08,0.0,0
114,5700,19,"[5.23635988529345, 8.718667750756957]",1.0480917467248219e-08,0.0,0
115,5750,19,"[5.23635988529345, 8.718667750756957]",1.0480917467248219e-08,0.0,0
116,5800,19,"[5.23635988529345, 8.718667750756957]",1.0480917467248219e-08,0.0,0
117,5850,10,"[5.236359885145495, 8.718667753443583]",8.149939390023064e-09,0.0,0
118,5900,10,"[5.236359885145495, 8.718667752366793]",7.965041959323571e-10,0.0,0
119,5950,10,"[5.236359885145495, 8.718667752366793]",7.965041959323571e-10,0.0,0
120,6000,10,"[5.236359885145495, 8.718667752366793]",7.965041959323571e-10,0.0,0
121,6050,10,"[5.236359885145495, 8.718667752366793]",7.965041959323571e-10,0.0,0
122,6100,10,"[5.236359885145495, 8.718667752366793]",7.965041959323571e-10,0.0,0
123,6150,10,"[5.236359885145495, 8.718667752366793]",7.965041959323571e-10,0.0,0
124,6200,10,"[5.236359885145495, 8.718667752366793]",7.965041959323571e-10,0.0,0
125,6250,47,"[5.236359885054011, 8.718667752315415]",4.553442067845026e-10,0.0,0
126,6300,47,"[5.236359885054011, 8.718667752315415]",4.553442067845026e-10,0.0,0
127,6350,47,"[5.236359885054011, 8.718667752315415]",4.553442067845026e-10,0.0,0
128,6400,47,"[5.236359885054011, 8.718667752315415]",4.553442067845026e-10,0.0,0
129,6450,47,"[5.236359885054011, 8.718667752315415]",4.553442067845026e-10,0.0,0
130,6500,47,"[5.236359885054011, 8.718667752315415]",4.553442067845026e-10,0.0,0
131,6550,47,"[5.236359885054011, 8.718667752315415]",4.553442067845026e-10,0.0,0
132,6600,47,"[5.236359885054011, 8.718667752315415]",4.553442067845026e-10,0.0,0
133,6650,47,"[5.236359885054011, 8.718667752315415]",4.553442067845026e-10,0.0,0
134,6700,47,"[5.236359885054011, 8.718667752315415]",4.553442067845026e-10,0.0,0
135,6750,47,"[5.236359885054011, 8.718667752315415]",4.553442067845026e-10,0.0,0
136,6800,47,"[5.236359885054011, 8.718667752315415]",4.553442067845026e-10,0.0,0
137,6850,38,"[5.236359885105069, 8.71866775224958]",1.1937117960769683e-10,0.0,0
138,6900,38,"[5.236359885105069, 8.71866775224958]",1.1937117960769683e-10,0.0,0
139,6950,9,"[5.236359885096256, 8.718667752247063]",1.1223733054066543e-10,0.0,0
140,7000,4,"[5.23635988508388, 8.718667752274097]",1.0449241472088033e-10,0.0,0
141,7050,24,"[5.236359885100711, 8.718667752256422]",6.389200279954821e-11,0.0,0
142,7100,24,"[5.236359885100711, 8.718667752256422]",6.389200279954821e-11,0.0,0
143,7150,24,"[5.236359885100711, 8.718667752256422]",6.389200279954821e-11,0.0,0
144,7200,11,"[5.2363598850988895, 8.718667752265947]",3.601030584832188e-11,0.0,0
145,7250,14,"[5.2363598850957604, 8.718667752267404]",3.021227712451946e-11,0.0,0
146,7300,14,"[5.2363598850957604, 8.718667752267404]",3.021227712451946e-11,0.0,0
147,7350,14,"[5.2363598850957604, 8.718667752267404]",3.021227712451946e-11,0.0,0
148,7400,14,"[5.2363598850957604, 8.718667752267404]",3.021227712451946e-11,0.0,0
149,7450,49,"[5.236359885094754, 8.71866775225951]",2.5764279598661233e-11,0.0,0
150,7500,49,"[5.236359885094754, 8.71866775225951]",2.5764279598661233e-11,0.0,0
151,7550,49,"[5.236359885094754, 8.71866775225951]",2.5764279598661233e-11,0.0,0
152,7600,49,"[5.236359885094754, 8.71866775225951]",2.5764279598661233e-11,0.0,0
153,7650,48,"[5.236359885095199, 8.718667752262878]",5.8264504332328215e-12,0.0,0
154,7700,48,"[5.236359885095199, 8.718667752262878]",5.8264504332328215e-12,0.0,0
155,7750,48,"[5.236359885095199, 8.718667752262878]",5.8264504332328215e-12,0.0,0
156,7800,48,"[5.236359885095199, 8.718667752262878]",5.8264504332328215e-12,0.0,0
157,7850,15,"[5.236359885093805, 8.71866775226282]",5.172751116333529e-12,0.0,0
158,7900,15,"[5.236359885093805, 8.71866775226282]",5.172751116333529e-12,0.0,0
159,7950,20,"[5.236359885094003, 8.718667752263723]",4.504840944719035e-12,0.0,0
160,8000,20,"[5.236359885094003, 8.718667752263723]",4.504840944719035e-12,0.0,0
161,8050,20,"[5.236359885094003, 8.718667752263723]",4.504840944719035e-12,0.0,0
162,8100,20,"[5.236359885094003, 8.718667752263723]",4.504840944719035e-12,0.0,0
163,8150,11,"[5.236359885094567, 8.71866775226337]",1.3358203432289883e-12,0.0,0
164,8200,11,"[5.236359885094567, 8.71866775226337]",1.3358203432289883e-12,0.0,0
165,8250,11,"[5.236359885094567, 8.71866775226337]",1.3358203432289883e-12,0.0,0
166,8300,11,"[5.236359885094567, 8.71866775226337]",1.3358203432289883e-12,0.0,0
167,8350,11,"[5.236359885094567, 8.71866775226337]",1.3358203432289883e-12,0.0,0
168,8400,19,"[5.236359885094485, 8.718667752263109]",9.237055564881302e-13,0.0,0
169,8450,19,"[5.236359885094485, 8.718667752263109]",9.237055564881302e-13,0.0,0
170,8500,14,"[5.236359885094339, 8.718667752263139]",9.094947017729282e-13,0.0,0
171,8550,43,"[5.236359885094443, 8.718667752263284]",3.694822225952521e-13,0.0,0
172,8600,43,"[5.236359885094443, 8.718667752263284]",3.694822225952521e-13,0.0,0
173,8650,43,"[5.236359885094443, 8.718667752263284]",3.694822225952521e-13,0.0,0
174,8700,22,"[5.236359885094439, 8.718667752263205]",1.8474111129762605e-13,0.0,0
175,8750,9,"[5.236359885094445, 8.718667752263226]",9.947598300641403e-14,0.0,0
176,8800,9,"[5.236359885094445, 8.718667752263226]",9.947598300641403e-14,0.0,0
177,8850,9,"[5.236359885094445, 8.718667752263226]",9.947598300641403e-14,0.0,0
178,8900,22,"[5.236359885094439, 8.718667752263233]",4.263256414560601e-14,0.0,0
179,8950,22,"[5.236359885094439, 8.718667752263233]",4.263256414560601e-14,0.0,0
180,9000,22,"[5.236359885094439, 8.718667752263233]",4.263256414560601e-14,0.0,0
181,9050,22,"[5.236359885094439, 8.718667752263233]",4.263256414560601e-14,0.0,0
182,9100,22,"[5.236359885094439, 8.718667752263233]",4.263256414560601e-14,0.0,0
183,9150,22,"[5.236359885094439, 8.718667752263233]",4.263256414560601e-14,0.0,0
184,9200,22,"[5.236359885094439, 8.718667752263233]",4.263256414560601e-14,0.0,0
185,9250,44,"[5.236359885094428, 8.718667752263233]",2.842170943040401e-14,0.0,0
186,9300,44,"[5.236359885094428, 8.718667752263233]",2.842170943040401e-14,0.0,0
187,9350,44,"[5.236359885094428, 8.718667752263233]",2.842170943040401e-14,0.0,0
188,9400,44,"[5.236359885094428, 8.718667752263233]",2.842170943040401e-14,0.0,0
189,9450,44,"[5.236359885094428, 8.718667752263233]",2.842170943040401e-14,0.0,0
190,9500,21,"[5.236359885094433, 8.718667752263231]",0.0,0.0,0
191,9550,21,"[5.236359885094433, 8.718667752263231]",0.0,0.0,0
192,9600,21,"[5.236359885094433, 8.718667752263231]",0.0,0.0,0
193,9650,21,"[5.236359885094433, 8.718667752263231]",0.0,0.0,0
194,9700,21,"[5.236359885094433, 8.718667752263231]",0.0,0.0,0
195,9750,21,"[5.236359885094433, 8.718667752263231]",0.0,0.0,0
196,9800,21,"[5.236359885094433, 8.718667752263231]",0.0,0.0,0
197,9850,21,"[5.236359885094433, 8.718667752263231]",0.0,0.0,0
198,9900,21,"[5.236359885094433, 8.718667752263231]",0.0,0.0,0
199,9950,21,"[5.236359885094433, 8.718667752263231]",0.0,0.0,0
200,10000,21,"[5.236359885094433, 8.718667752263231]",0.0,0.0,0
