1,50,28,"[79.0, 84.0]",24.96544079319648,0,0
2,100,28,"[79.0, 84.0]",24.96544079319648,0.0,0
3,150,28,"[79.0, 84.0]",24.96544079319648,0.0,0
4,200,36,"[78.375, 78.0]",16.22447804267857,0.0,0
5,250,36,"[78.375, 78.0]",16.22447804267857,0.0,0
6,300,36,"[78.375, 78.0]",16.22447804267857,0.0,0
7,350,36,"[78.375, 78.0]",16.22447804267857,0.0,0
8,400,6,"[80.53515625, 79.5]",4.607247745570916,0.0,0
9,450,6,"[80.53515625, 79.5]",4.607247745570916,0.0,0
10,500,6,"[80.53515625, 79.5]",4.607247745570916,0.0,0
11,550,6,"[80.53515625, 79.5]",4.607247745570916,0.0,0
12,600,6,"[80.53515625, 79.5]",4.607247745570916,0.0,0
13,650,24,"[80.96565818786621, 79.70990753173828]",2.973531600537143,0.0,0
14,700,24,"[80.96565818786621, 79.70990753173828]",2.973531600537143,0.0,0
15,750,4,"[81.91593142459169, 79.649169921875]",2.3686951880183926,0.0,0
16,800,4,"[81.91593142459169, 79.649169921875]",2.3686951880183926,0.0,0
17,850,4,"[81.91593142459169, 79.649169921875]",2.3686951880183926,0.0,0
18,900,4,"[81.91593142459169, 79.649169921875]",2.3686951880183926,0.0,0
19,950,4,"[81.91593142459169, 79.649169921875]",2.3686951880183926,0.0,0
20,1000,7,"[81.50460659983696, 79.26481866836548]",0.5467678794580735,0.0,0
21,1050,7,"[81.50460659983696, 79.26481866836548]",0.5467678794580735,0.0,0
22,1100,28,"[81.47128766806861, 79.44942013919353]",0.353549376084203,0.0,0
23,1150,28,"[81.47128766806861, 79.44942013919353]",0.353549376084203,0.0,0
24,1200,28,"[81.47128766806861, 79.44942013919353]",0.353549376084203,0.0,0
25,1250,28,"[81.47128766806861, 79.44942013919353]",0.353549376084203,0.0,0
26,1300,9,"[81.51329047488059, 79.43556399061345]",0.2773496560426736,0.0,0
27,1350,7,"[81.50460659983696, 79.43732582264056]",0.2769598588822504,0.0,0
28,1400,40,"[81.45595654902658, 79.40492720201473]",0.22874885557637015,0.0,0
29,1450,28,"[81.47128766806861, 79.38580662497884]",0.12511628270951292,0.0,0
30,1500,28,"[81.47128766806861, 79.38580662497884]",0.12511628270951292,0.0,0
31,1550,28,"[81.47128766806861, 79.38580662497884]",0.12511628270951292,0.0,0
32,1600,45,"[81.508303743679, 79.37875821460919]",0.05453479943672335,0.0,0
33,1650,45,"[81.508303743679, 79.37875821460919]",0.05453479943672335,0.0,0
34,1700,45,"[81.508303743679, 79.37875821460919]",0.05453479943672335,0.0,0
35,1750,16,"[81.50205332683008, 79.38427552046535]",0.033279448206556594,0.0,0
36,1800,27,"[81.49431509138392, 79.38490897609174]",0.028075281323381773,0.0,0
37,1850,16,"[81.50205332683008, 79.38007836560597]",0.024796474320865514,0.0,0
38,1900,16,"[81.50205332683008, 79.38007836560597]",0.024796474320865514,0.0,0
39,1950,16,"[81.50205332683008, 79.38007836560597]",0.024796474320865514,0.0,0
40,2000,40,"[81.49858932900264, 79.37782156615269]",0.011719890644016573,0.0,0
41,2050,26,"[81.49620946858452, 79.3798162872038]",0.003294346493888156,0.0,0
42,2100,26,"[81.49620946858452, 79.3798162872038]",0.003294346493888156,0.0,0
43,2150,26,"[81.49620946858452, 79.3798162872038]",0.003294346493888156,0.0,0
44,2200,26,"[81.49620946858452, 79.3798162872038]",0.003294346493888156,0.0,0
45,2250,26,"[81.49620946858452, 79.3798162872038]",0.003294346493888156,0.0,0
46,2300,35,"[81.4962302423192, 79.3794143515774]",0.0030989594270209864,0.0,0
47,2350,35,"[81.4962302423192, 79.3794143515774]",0.0030989594270209864,0.0,0
48,2400,35,"[81.4962302423192, 79.3794143515774]",0.0030989594270209864,0.0,0
49,2450,35,"[81.4962302423192, 79.3794143515774]",0.0030989594270209864,0.0,0
50,2500,24,"[81.49624409766899, 79.3796152949443]",0.002936671578112282,0.0,0
51,2550,24,"[81.49624409766899, 79.37958747826238]",0.0029320218116453134,0.0,0
52,2600,24,"[81.49624409766899, 79.37958747826238]",0.0029320218116453134,0.0,0
53,2650,15,"[81.49676476503798, 79.37927314567037]",0.0015270461395715529,0.0,0
54,2700,15,"[81.49676476503798, 79.37927314567037]",0.0015270461395715529,0.0,0
55,2750,15,"[81.49676476503798, 79.37927314567037]",0.0015270461395715529,0.0,0
56,2800,11,"[81.49702326418875, 79.37979277407487]",0.0012736380296729521,0.0,0
57,2850,14,"[81.49692671231207, 79.37939990649915]",0.0009101145209342576,0.0,0
58,2900,24,"[81.49678133106151, 79.37958747826238]",0.00037981394891062337,0.0,0
59,2950,5,"[81.49689159211403, 79.37963155423174]",0.00028663873551693086,0.0,0
60,3000,5,"[81.49689159211403, 79.37963155423174]",0.00028663873551693086,0.0,0
61,3050,21,"[81.49687526344155, 79.37957426681439]",7.318791455190876e-05,0.0,0
62,3100,21,"[81.49687526344155, 79.37957426681439]",7.318791455190876e-05,0.0,0
63,3150,21,"[81.49687526344155, 79.37957426681439]",7.318791455190876e-05,0.0,0
64,3200,21,"[81.49687526344155, 79.37957426681439]",7.318791455190876e-05,0.0,0
65,3250,21,"[81.49687526344155, 79.37957426681439]",7.318791455190876e-05,0.0,0
66,3300,22,"[81.49686938491828, 79.37958866547137]",5.8910887403840206e-05,0.0,0
67,3350,22,"[81.49686938491828, 79.37958866547137]",5.8910887403840206e-05,0.0,0
68,3400,22,"[81.49685354694932, 79.37958866547137]",5.504231903330492e-05,0.0,0
69,3450,22,"[81.49685354694932, 79.37958866547137]",5.504231903330492e-05,0.0,0
70,3500,22,"[81.49685354694932, 79.37958866547137]",5.504231903330492e-05,0.0,0
71,3550,22,"[81.49685354694932, 79.37958866547137]",5.504231903330492e-05,0.0,0
72,3600,11,"[81.4968620801186, 79.37958531474166]",2.741653507598585e-05,0.0,0
73,3650,11,"[81.4968620801186, 79.37957643556453]",1.6493501945546996e-05,0.0,0
74,3700,11,"[81.4968620801186, 79.37957643556453]",1.6493501945546996e-05,0.0,0
75,3750,11,"[81.4968620801186, 79.37957643556453]",1.6493501945546996e-05,0.0,0
76,3800,11,"[81.4968620801186, 79.37957643556453]",1.6493501945546996e-05,0.0,0
77,3850,11,"[81.4968620801186, 79.37957643556453]",1.6493501945546996e-05,0.0,0
78,3900,5,"[81.49685967346042, 79.37958016723347]",6.053771087977111e-06,0.0,0
79,3950,5,"[81.49685967346042, 79.37958016723347]",6.053771087977111e-06,0.0,0
80,4000,5,"[81.49685967346042, 79.37958016723347]",6.053771087977111e-06,0.0,0
81,4050,5,"[81.49685967346042, 79.37958016723347]",6.053771087977111e-06,0.0,0
82,4100,5,"[81.49685967346042, 79.37958016723347]",6.053771087977111e-06,0.0,0
83,4150,5,"[81.49685967346042, 79.37958016723347]",6.053771087977111e-06,0.0,0
84,4200,5,"[81.49685988109107, 79.37958016723347]",5.155757861530219e-06,0.0,0
85,4250,5,"[81.49685988109107, 79.37958016723347]",5.155757861530219e-06,0.0,0
86,4300,5,"[81.49685988109107, 79.37958016723347]",5.155757861530219e-06,0.0,0
87,4350,33,"[81.49686011285183, 79.37958036625838]",4.78802867576178e-06,0.0,0
88,4400,33,"[81.49686011285183, 79.37958036625838]",4.78802867576178e-06,0.0,0
89,4450,2,"[81.49686017356215, 79.3795801757091]",3.986942573419583e-06,0.0,0
90,4500,31,"[81.49686055304525, 79.37957992330577]",1.8253740137197383e-06,0.0,0
91,4550,31,"[81.49686055304525, 79.37957992330577]",1.8253740137197383e-06,0.0,0
92,4600,2,"[81.4968610009544, 79.37957947404048]",1.2133411217973844e-06,0.0,0
93,4650,47,"[81.49686074355063, 79.37957966563766]",5.107366973788885e-07,0.0,0
94,4700,47,"[81.49686074355063, 79.37957966563766]",5.107366973788885e-07,0.0,0
95,4750,47,"[81.49686074355063, 79.37957966563766]",5.107366973788885e-07,0.0,0
96,4800,47,"[81.49686074355063, 79.37957966563766]",5.107366973788885e-07,0.0,0
97,4850,47,"[81.49686074355063, 79.37957966563766]",5.107366973788885e-07,0.0,0
98,4900,9,"[81.49686081668906, 79.37957967187293]",1.6307221528677474e-07,0.0,0
99,4950,9,"[81.49686081668906, 79.37957967187293]",1.6307221528677474e-07,0.0,0
100,5000,9,"[81.49686081668906, 79.37957967187293]",1.6307221528677474e-07,0.0,0
101,5050,9,"[81.49686081668906, 79.37957967187293]",1.6307221528677474e-07,0.0,0
102,5100,11,"[81.4968608327577, 79.37957965501622]",1.4401183534573647e-07,0.0,0
103,5150,11,"[81.4968608327577, 79.37957965501622]",1.4401183534573647e-07,0.0,0
104,5200,22,"[81.4968608250476, 79.37957968613647]",1.2246195524312498e-07,0.0,0
105,5250,23,"[81.49686082761949, 79.3795796757779]",1.0837342756531143e-07,0.0,0
106,5300,49,"[81.49686084278872, 79.37957968218863]",3.6161807770440646e-08,0.0,0
107,5350,49,"[81.49686084278872, 79.37957968218863]",3.6161807770440646e-08,0.0,0
108,5400,49,"[81.49686084278872, 79.37957968218863]",3.6161807770440646e-08,0.0,0
109,5450,49,"[81.49686084278872, 79.37957968218863]",3.6161807770440646e-08,0.0,0
110,5500,49,"[81.49686084278872, 79.37957968218863]",3.6161807770440646e-08,0.0,0
111,5550,49,"[81.49686084278872, 79.37957968218863]",3.6161807770440646e-08,0.0,0
112,5600,38,"[81.49686085121199, 79.37957967763711]",1.2094943713236717e-08,0.0,0
113,5650,38,"[81.49686085121199, 79.37957968009152]",5.635556021843513e-09,0.0,0
114,5700,38,"[81.49686085121199, 79.37957968009152]",5.635556021843513e-09,0.0,0
115,5750,38,"[81.49686085121199, 79.37957968009152]",5.635556021843513e-09,0.0,0
116,5800,38,"[81.49686085121199, 79.37957968009152]",5.635556021843513e-09,0.0,0
117,5850,38,"[81.49686085121199, 79.37957968009152]",5.635556021843513e-09,0.0,0
118,5900,38,"[81.49686085121199, 79.37957968009152]",5.635556021843513e-09,0.0,0
119,5950,23,"[81.49686084998216, 79.37957967995459]",3.972786544181872e-10,0.0,0
120,6000,23,"[81.49686084998216, 79.37957967995459]",3.972786544181872e-10,0.0,0
121,6050,23,"[81.49686084998216, 79.37957967995459]",3.972786544181872e-10,0.0,0
122,6100,23,"[81.49686084998216, 79.37957967995459]",3.972786544181872e-10,0.0,0
123,6150,23,"[81.49686084998216, 79.37957967995459]",3.972786544181872e-10,0.0,0
124,6200,23,"[81.49686084998216, 79.37957967995459]",3.972786544181872e-10,0.0,0
125,6250,23,"[81.49686084998216, 79.37957967995459]",3.972786544181872e-10,0.0,0
126,6300,23,"[81.49686084998216, 79.37957967995459]",3.972786544181872e-10,0.0,0
127,6350,23,"[81.49686084998216, 79.37957967995459]",3.972786544181872e-10,0.0,0
128,6400,23,"[81.49686084998216, 79.37957967995459]",3.972786544181872e-10,0.0,0
129,6450,23,"[81.49686084998216, 79.37957967995459]",3.972786544181872e-10,0.0,0
130,6500,23,"[81.49686084998216, 79.37957967995459]",3.972786544181872e-10,0.0,0
131,6550,23,"[81.49686084998216, 79.37957967995459]",3.972786544181872e-10,0.0,0
132,6600,23,"[81.49686084998216, 79.37957967995459]",3.972786544181872e-10,0.0,0
133,6650,23,"[81.49686084998216, 79.37957967995459]",3.972786544181872e-10,0.0,0
134,6700,1,"[81.49686085004234, 79.37957967983388]",2.99195335173863e-10,0.0,0
135,6750,4,"[81.49686085006145, 79.3795796798429]",2.715836444622255e-10,0.0,0
136,6800,4,"[81.49686085006145, 79.3795796798429]",2.715836444622255e-10,0.0,0
137,6850,4,"[81.49686085006145, 79.3795796798429]",2.715836444622255e-10,0.0,0
138,6900,39,"[81.49686085008801, 79.37957967987305]",2.438724777675816e-10,0.0,0
139,6950,37,"[81.49686085006061, 79.37957967992631]",1.6437695649074158e-10,0.0,0
140,7000,27,"[81.49686085001224, 79.37957967988706]",1.5137402442633174e-10,0.0,0
141,7050,27,"[81.49686085001224, 79.37957967988706]",1.5137402442633174e-10,0.0,0
142,7100,10,"[81.49686085004473, 79.37957967990646]",4.695266397902742e-11,0.0,0
143,7150,10,"[81.49686085004473, 79.37957967990646]",4.695266397902742e-11,0.0,0
144,7200,10,"[81.49686085004473, 79.37957967990646]",4.695266397902742e-11,0.0,0
145,7250,10,"[81.49686085004473, 79.37957967990646]",4.695266397902742e-11,0.0,0
146,7300,10,"[81.49686085004473, 79.37957967990646]",4.695266397902742e-11,0.0,0
147,7350,36,"[81.49686085004197, 79.37957967989291]",1.878674993349705e-11,0.0,0
148,7400,36,"[81.49686085004197, 79.37957967989291]",1.878674993349705e-11,0.0,0
149,7450,36,"[81.49686085004197, 79.37957967989291]",1.878674993349705e-11,0.0,0
150,7500,36,"[81.49686085004197, 79.37957967989291]",1.878674993349705e-11,0.0,0
151,7550,36,"[81.49686085004197, 79.37957967989291]",1.878674993349705e-11,0.0,0
152,7600,36,"[81.49686085004197, 79.37957967989291]",1.878674993349705e-11,0.0,0
153,7650,36,"[81.49686085004197, 79.37957967989291]",1.878674993349705e-11,0.0,0
154,7700,36,"[81.49686085004197, 79.37957967989291]",1.878674993349705e-11,0.0,0
155,7750,10,"[81.49686085004473, 79.37957967989468]",1.4523493518936448e-11,0.0,0
156,7800,36,"[81.49686085004197, 79.37957967989763]",4.746425474877469e-12,0.0,0
157,7850,36,"[81.49686085004197, 79.37957967989763]",4.746425474877469e-12,0.0,0
158,7900,36,"[81.49686085004197, 79.37957967989763]",4.746425474877469e-12,0.0,0
159,7950,36,"[81.49686085004197, 79.37957967989763]",4.746425474877469e-12,0.0,0
160,8000,27,"[81.49686085004295, 79.37957967989723]",2.7284841053187847e-12,0.0,0
161,8050,27,"[81.49686085004295, 79.37957967989723]",2.7284841053187847e-12,0.0,0
162,8100,27,"[81.49686085004295, 79.37957967989723]",2.7284841053187847e-12,0.0,0
163,8150,44,"[81.49686085004248, 79.37957967989672]",5.826450433232822e-13,0.0,0
164,8200,44,"[81.49686085004248, 79.37957967989672]",5.826450433232822e-13,0.0,0
165,8250,44,"[81.49686085004248, 79.37957967989672]",5.826450433232822e-13,0.0,0
166,8300,44,"[81.49686085004248, 79.37957967989672]",5.826450433232822e-13,0.0,0
167,8350,44,"[81.49686085004248, 79.37957967989672]",5.826450433232822e-13,0.0,0
168,8400,44,"[81.49686085004248, 79.37957967989672]",5.826450433232822e-13,0.0,0
169,8450,44,"[81.49686085004248, 79.37957967989672]",5.826450433232822e-13,0.0,0
170,8500,44,"[81.49686085004248, 79.37957967989672]",5.826450433232822e-13,0.0,0
171,8550,24,"[81.49686085004251, 79.37957967989675]",3.979039320256561e-13,0.0,0
172,8600,10,"[81.49686085004257, 79.37957967989679]",1.5631940186722204e-13,0.0,0
173,8650,46,"[81.49686085004257, 79.3795796798968]",9.947598300641403e-14,0.0,0
174,8700,46,"[81.49686085004257, 79.3795796798968]",9.947598300641403e-14,0.0,0
175,8750,46,"[81.49686085004257, 79.3795796798968]",9.947598300641403e-14,0.0,0
176,8800,46,"[81.49686085004257, 79.3795796798968]",9.947598300641403e-14,0.0,0
177,8850,49,"[81.49686085004257, 79.37957967989682]",7.105427357601002e-14,0.0,0
178,8900,49,"[81.49686085004257, 79.37957967989682]",7.105427357601002e-14,0.0,0
179,8950,49,"[81.49686085004257, 79.37957967989682]",7.105427357601002e-14,0.0,0
180,9000,49,"[81.49686085004257, 79.37957967989682]",7.105427357601002e-14,0.0,0
181,9050,49,"[81.49686085004257, 79.37957967989682]",7.105427357601002e-14,0.0,0
182,9100,49,"[81.49686085004257, 79.37957967989682]",7.105427357601002e-14,0.0,0
183,9150,49,"[81.49686085004257, 79.37957967989682]",7.105427357601002e-14,0.0,0
184,9200,49,"[81.49686085004257, 79.37957967989682]",7.105427357601002e-14,0.0,0
185,9250,49,"[81.49686085004257, 79.37957967989682]",7.105427357601002e-14,0.0,0
186,9300,22,"[81.49686085004255, 79.37957967989682]",0.0,0.0,0
187,9350,22,"[81.49686085004255, 79.37957967989682]",0.0,0.0,0
188,9400,22,"[81.49686085004255, 79.37957967989682]",0.0,0.0,0
189,9450,22,"[81.49686085004255, 79.37957967989682]",0.0,0.0,0
190,9500,22,"[81.49686085004255, 79.37957967989682]",0.0,0.0,0
191,9550,22,"[81.49686085004255, 79.37957967989682]",0.0,0.0,0
192,9600,22,"[81.49686085004255, 79.37957967989682]",0.0,0.0,0
193,9650,22,"[81.49686085004255, 79.37957967989682]",0.0,0.0,0
194,9700,22,"[81.49686085004255, 79.37957967989682]",0.0,0.0,0
195,9750,22,"[81.49686085004255, 79.37957967989682]",0.0,0.0,0
196,9800,22,"[81.49686085004255, 79.37957967989682]",0.0,0.0,0
197,9850,22,"[81.49686085004255, 79.37957967989682]",0.0,0.0,0
198,9900,22,"[81.49686085004255, 79.37957967989682]",0.0,0.0,0
199,9950,22,"[81.49686085004255, 79.37957967989682]",0.0,0.0,0
200,10000,22,"[81.49686085004255, 79.37957967989682]",0.0,0.0,0
