1,50,38,"[36.0, 82.0]",41.34376095916076,0,0
2,100,38,"[36.0, 87.0]",30.292059911903344,0.0,0
3,150,38,"[36.0, 87.0]",30.292059911903344,0.0,0
4,200,38,"[36.0, 87.0]",30.292059911903344,0.0,0
5,250,38,"[36.0, 87.0]",30.292059911903344,0.0,0
6,300,38,"[36.0, 87.0]",30.292059911903344,0.0,0
7,350,38,"[36.0, 87.0]",30.292059911903344,0.0,0
8,400,38,"[36.0, 87.0]",30.292059911903344,0.0,0
9,450,38,"[36.0, 87.0]",30.292059911903344,0.0,0
10,500,38,"[36.0, 87.0]",30.292059911903344,0.0,0
11,550,15,"[36.63690185546875, 87.1708984375]",30.218259003879595,0.0,0
12,600,31,"[36.025634765625, 88.02031326293945]",28.036164398309566,0.0,0
13,650,22,"[35.93639373779297, 88.65848731994629]",27.588884915988906,0.0,0
14,700,22,"[35.93639373779297, 88.65848731994629]",27.588884915988906,0.0,0
15,750,22,"[35.93639373779297, 88.65848731994629]",27.588884915988906,0.0,0
16,800,22,"[35.93639373779297, 88.65848731994629]",27.588884915988906,0.0,0
17,850,34,"[35.99218273162842, 88.59482178092003]",27.41547115985226,0.0,0
18,900,34,"[35.99218273162842, 88.59482178092003]",27.41547115985226,0.0,0
19,950,34,"[35.99218273162842, 88.59482178092003]",27.41547115985226,0.0,0
20,1000,34,"[35.99218273162842, 88.59482178092003]",27.41547115985226,0.0,0
21,1050,34,"[35.99218273162842, 88.59482178092003]",27.41547115985226,0.0,0
22,1100,34,"[35.99218273162842, 88.59482178092003]",27.41547115985226,0.0,0
23,1150,34,"[35.99218273162842, 88.59482178092003]",27.41547115985226,0.0,0
24,1200,3,"[36.008761352399404, 88.39640636072727]",27.21180497211442,0.0,0
25,1250,3,"[36.008761352399404, 88.39640636072727]",27.21180497211442,0.0,0
26,1300,3,"[36.008761352399404, 88.39640636072727]",27.21180497211442,0.0,0
27,1350,3,"[36.008761352399404, 88.39640636072727]",27.21180497211442,0.0,0
28,1400,6,"[36.049796119856595, 88.39869012040766]",27.21006682728447,0.0,0
29,1450,23,"[36.038208840858346, 88.44402771499509]",27.113496665416484,0.0,0
30,1500,23,"[36.038208840858346, 88.44402771499509]",27.113496665416484,0.0,0
31,1550,23,"[36.038208840858346, 88.44402771499509]",27.113496665416484,0.0,0
32,1600,23,"[36.038208840858346, 88.44402771499509]",27.113496665416484,0.0,0
33,1650,35,"[36.03157797272344, 88.44628351526033]",27.09860417845045,0.0,0
34,1700,35,"[36.03157797272344, 88.44955720643094]",27.09540946821052,0.0,0
35,1750,35,"[36.03157797272344, 88.44955720643094]",27.09540946821052,0.0,0
36,1800,35,"[36.03157797272344, 88.44955720643094]",27.09540946821052,0.0,0
37,1850,35,"[36.03157797272344, 88.44955720643094]",27.09540946821052,0.0,0
38,1900,34,"[36.02494514205152, 88.4532109744675]",27.095021948716393,0.0,0
39,1950,34,"[36.02494514205152, 88.4532109744675]",27.095021948716393,0.0,0
40,2000,34,"[36.02494514205152, 88.4532109744675]",27.095021948716393,0.0,0
41,2050,39,"[36.02606104500076, 88.4484533896062]",27.0908945099917,0.0,0
42,2100,39,"[36.02606104500076, 88.4496170966647]",27.089391374089487,0.0,0
43,2150,39,"[36.02606104500076, 88.4496170966647]",27.089391374089487,0.0,0
44,2200,39,"[36.02606104500076, 88.4496170966647]",27.089391374089487,0.0,0
45,2250,39,"[36.02606104500076, 88.4496170966647]",27.089391374089487,0.0,0
46,2300,32,"[36.02833752507499, 88.45040241336709]",27.088295215220292,0.0,0
47,2350,32,"[36.02833752507499, 88.45040241336709]",27.088295215220292,0.0,0
48,2400,32,"[36.02833752507499, 88.45040241336709]",27.088295215220292,0.0,0
49,2450,43,"[36.027496872208715, 88.45041643465206]",27.086931947416673,0.0,0
50,2500,43,"[36.027496872208715, 88.45041643465206]",27.086931947416673,0.0,0
51,2550,21,"[36.02741251517645, 88.45011334690774]",27.086268201956642,0.0,0
52,2600,21,"[36.02741251517645, 88.45011334690774]",27.086268201956642,0.0,0
53,2650,21,"[36.02741251517645, 88.45011334690774]",27.086268201956642,0.0,0
54,2700,21,"[36.02741251517645, 88.45011334690774]",27.086268201956642,0.0,0
55,2750,21,"[36.02741251517645, 88.45011334690774]",27.086268201956642,0.0,0
56,2800,21,"[36.02741251517645, 88.45011334690774]",27.086268201956642,0.0,0
57,2850,21,"[36.02741251517645, 88.45011334690774]",27.086268201956642,0.0,0
58,2900,21,"[36.02741251517645, 88.45011334690774]",27.086268201956642,0.0,0
59,2950,21,"[36.02741251517645, 88.45011334690774]",27.086268201956642,0.0,0
60,3000,38,"[36.027462310184916, 88.45006693712257]",27.08624826760593,0.0,0
61,3050,38,"[36.027462310184916, 88.45006693712257]",27.08624826760593,0.0,0
62,3100,38,"[36.027462310184916, 88.45006693712257]",27.08624826760593,0.0,0
63,3150,38,"[36.027462310184916, 88.45006693712257]",27.08624826760593,0.0,0
64,3200,38,"[36.027462310184916, 88.45006693712257]",27.08624826760593,0.0,0
65,3250,38,"[36.027462310184916, 88.45006693712257]",27.08624826760593,0.0,0
66,3300,6,"[36.02745054809695, 88.4501034020534]",27.086237485468452,0.0,0
67,3350,24,"[36.027454729155295, 88.45009193824913]",27.08622714169482,0.0,0
68,3400,1,"[36.02744256439023, 88.4500923949845]",27.086207474064054,0.0,0
69,3450,27,"[36.02744107032512, 88.45007300857301]",27.086204892086826,0.0,0
70,3500,27,"[36.02744107032512, 88.45007300857301]",27.086204892086826,0.0,0
71,3550,27,"[36.02744107032512, 88.45007300857301]",27.086204892086826,0.0,0
72,3600,27,"[36.02744107032512, 88.45007300857301]",27.086204892086826,0.0,0
73,3650,43,"[36.02744024262444, 88.45008821238227]",27.0861969142005,0.0,0
74,3700,43,"[36.02744024262444, 88.45008821238227]",27.0861969142005,0.0,0
75,3750,43,"[36.02744024262444, 88.45008821238227]",27.0861969142005,0.0,0
76,3800,8,"[36.02743680801191, 88.45007909923582]",27.086189147983653,0.0,0
77,3850,7,"[36.02743854695153, 88.45008413351813]",27.086187578328648,0.0,0
78,3900,7,"[36.02743854695153, 88.45008413351813]",27.086187578328648,0.0,0
79,3950,13,"[36.02743594036311, 88.45008055155972]",27.086186091395973,0.0,0
80,4000,13,"[36.02743594036311, 88.45008055155972]",27.086186091395973,0.0,0
81,4050,13,"[36.02743594036311, 88.45008055155972]",27.086186091395973,0.0,0
82,4100,7,"[36.02743748546364, 88.45008413351813]",27.086186039001078,0.0,0
83,4150,2,"[36.027437970199664, 88.45008183050868]",27.086185231211573,0.0,0
84,4200,2,"[36.027437970199664, 88.45008183050868]",27.086185231211573,0.0,0
85,4250,3,"[36.027435795180835, 88.45008251051397]",27.086183304520453,0.0,0
86,4300,3,"[36.027435795180835, 88.45008251051397]",27.086183304520453,0.0,0
87,4350,3,"[36.027435795180835, 88.45008251051397]",27.086183304520453,0.0,0
88,4400,3,"[36.027435795180835, 88.45008251051397]",27.086183304520453,0.0,0
89,4450,17,"[36.027436341552665, 88.45008246392533]",27.086182092574198,0.0,0
90,4500,17,"[36.027436341552665, 88.45008246392533]",27.086182092574198,0.0,0
91,4550,17,"[36.027436341552665, 88.45008246392533]",27.086182092574198,0.0,0
92,4600,17,"[36.027436341552665, 88.45008246392533]",27.086182092574198,0.0,0
93,4650,17,"[36.027436341552665, 88.45008246392533]",27.086182092574198,0.0,0
94,4700,17,"[36.027436341552665, 88.45008246392533]",27.086182092574198,0.0,0
95,4750,17,"[36.027436341552665, 88.45008246392533]",27.086182092574198,0.0,0
96,4800,17,"[36.027436341552665, 88.45008246392533]",27.086182092574198,0.0,0
97,4850,45,"[36.02743657192954, 88.45008231060322]",27.086182052531242,0.0,0
98,4900,11,"[36.02743653037268, 88.45008244182652]",27.086181775798558,0.0,0
99,4950,11,"[36.02743653037268, 88.45008244182652]",27.086181775798558,0.0,0
100,5000,11,"[36.02743653037268, 88.45008244182652]",27.086181775798558,0.0,0
101,5050,11,"[36.02743653037268, 88.45008244182652]",27.086181775798558,0.0,0
102,5100,31,"[36.027436493975756, 88.450082435898]",27.086181758542843,0.0,0
103,5150,31,"[36.027436493975756, 88.450082435898]",27.086181758542843,0.0,0
104,5200,31,"[36.027436493975756, 88.450082435898]",27.086181758542843,0.0,0
105,5250,35,"[36.02743649642399, 88.45008244911168]",27.086181749957184,0.0,0
106,5300,35,"[36.02743649642399, 88.45008244911168]",27.086181749957184,0.0,0
107,5350,35,"[36.02743649642399, 88.45008244911168]",27.086181749957184,0.0,0
108,5400,35,"[36.02743649642399, 88.45008244911168]",27.086181749957184,0.0,0
109,5450,37,"[36.027436500850754, 88.45008244142475]",27.086181739299988,0.0,0
110,5500,37,"[36.027436500850754, 88.45008244142475]",27.086181739299988,0.0,0
111,5550,37,"[36.027436500850754, 88.45008244142475]",27.086181739299988,0.0,0
112,5600,9,"[36.027436504077585, 88.45008244822313]",27.08618173500612,0.0,0
113,5650,36,"[36.027436508312, 88.45008244007323]",27.08618173381599,0.0,0
114,5700,36,"[36.027436508312, 88.45008244007323]",27.08618173381599,0.0,0
115,5750,21,"[36.0274365074608, 88.45008244572355]",27.08618172729168,0.0,0
116,5800,21,"[36.0274365074608, 88.45008244572355]",27.08618172729168,0.0,0
117,5850,21,"[36.0274365074608, 88.45008244572355]",27.08618172729168,0.0,0
118,5900,21,"[36.0274365074608, 88.45008244572355]",27.08618172729168,0.0,0
119,5950,21,"[36.0274365074608, 88.45008244572355]",27.08618172729168,0.0,0
120,6000,21,"[36.0274365074608, 88.45008244572355]",27.08618172729168,0.0,0
121,6050,21,"[36.0274365074608, 88.45008244572355]",27.08618172729168,0.0,0
122,6100,21,"[36.0274365074608, 88.45008244572355]",27.08618172729168,0.0,0
123,6150,36,"[36.027436508312, 88.45008244500065]",27.08618172714599,0.0,0
124,6200,36,"[36.027436508312, 88.45008244500065]",27.08618172714599,0.0,0
125,6250,36,"[36.027436508312, 88.45008244500065]",27.08618172714599,0.0,0
126,6300,36,"[36.027436508312, 88.45008244500065]",27.08618172714599,0.0,0
127,6350,11,"[36.02743650710846, 88.45008244399132]",27.086181724782783,0.0,0
128,6400,45,"[36.02743650726872, 88.45008244428237]",27.086181724442156,0.0,0
129,6450,45,"[36.02743650726872, 88.45008244428237]",27.086181724442156,0.0,0
130,6500,45,"[36.02743650726872, 88.45008244428237]",27.086181724442156,0.0,0
131,6550,45,"[36.02743650726872, 88.45008244428237]",27.086181724442156,0.0,0
132,6600,1,"[36.027436507089746, 88.45008244441598]",27.08618172430606,0.0,0
133,6650,1,"[36.027436507089746, 88.45008244441598]",27.08618172430606,0.0,0
134,6700,16,"[36.02743650714072, 88.45008244424997]",27.086181724232375,0.0,0
135,6750,16,"[36.02743650714072, 88.45008244424997]",27.086181724232375,0.0,0
136,6800,45,"[36.027436507068984, 88.45008244428237]",27.086181724176562,0.0,0
137,6850,45,"[36.027436507068984, 88.45008244428237]",27.086181724176562,0.0,0
138,6900,36,"[36.02743650710129, 88.45008244428986]",27.086181724123428,0.0,0
139,6950,13,"[36.02743650711365, 88.45008244432466]",27.08618172410803,0.0,0
140,7000,13,"[36.02743650711365, 88.45008244432466]",27.08618172410803,0.0,0
141,7050,13,"[36.02743650711365, 88.45008244432466]",27.08618172410803,0.0,0
142,7100,13,"[36.02743650709765, 88.45008244432466]",27.086181724105934,0.0,0
143,7150,13,"[36.02743650709765, 88.45008244432466]",27.086181724105934,0.0,0
144,7200,13,"[36.02743650709765, 88.45008244432466]",27.086181724105934,0.0,0
145,7250,13,"[36.02743650709765, 88.45008244432466]",27.086181724105934,0.0,0
146,7300,11,"[36.02743650710117, 88.45008244430898]",27.086181724084256,0.0,0
147,7350,11,"[36.02743650710117, 88.45008244430898]",27.086181724084256,0.0,0
148,7400,11,"[36.02743650710117, 88.45008244430898]",27.086181724084256,0.0,0
149,7450,11,"[36.02743650710117, 88.45008244430898]",27.086181724084256,0.0,0
150,7500,11,"[36.02743650710117, 88.45008244430898]",27.086181724084256,0.0,0
151,7550,11,"[36.02743650710117, 88.45008244430898]",27.086181724084256,0.0,0
152,7600,24,"[36.02743650710654, 88.45008244431234]",27.086181724077868,0.0,0
153,7650,24,"[36.02743650710654, 88.45008244431234]",27.086181724077868,0.0,0
154,7700,24,"[36.02743650710654, 88.45008244431234]",27.086181724077868,0.0,0
155,7750,24,"[36.02743650710654, 88.45008244431234]",27.086181724077868,0.0,0
156,7800,24,"[36.02743650710654, 88.45008244431234]",27.086181724077868,0.0,0
157,7850,24,"[36.02743650710654, 88.45008244431234]",27.086181724077868,0.0,0
158,7900,44,"[36.027436507105875, 88.45008244431247]",27.086181724076525,0.0,0
159,7950,37,"[36.027436507104724, 88.45008244431133]",27.086181724075367,0.0,0
160,8000,37,"[36.027436507104724, 88.45008244431133]",27.086181724075367,0.0,0
161,8050,37,"[36.027436507104724, 88.45008244431133]",27.086181724075367,0.0,0
162,8100,30,"[36.02743650710453, 88.45008244431227]",27.086181724074613,0.0,0
163,8150,30,"[36.02743650710453, 88.45008244431227]",27.086181724074613,0.0,0
164,8200,20,"[36.02743650710447, 88.450082444312]",27.086181724074507,0.0,0
165,8250,20,"[36.02743650710447, 88.450082444312]",27.086181724074507,0.0,0
166,8300,25,"[36.0274365071048, 88.45008244431223]",27.086181724074343,0.0,0
167,8350,25,"[36.0274365071048, 88.45008244431223]",27.086181724074343,0.0,0
168,8400,10,"[36.02743650710492, 88.45008244431206]",27.086181724074237,0.0,0
169,8450,17,"[36.02743650710475, 88.45008244431199]",27.086181724073924,0.0,0
170,8500,17,"[36.02743650710475, 88.45008244431199]",27.086181724073924,0.0,0
171,8550,17,"[36.02743650710475, 88.45008244431199]",27.086181724073924,0.0,0
172,8600,17,"[36.02743650710475, 88.45008244431199]",27.086181724073924,0.0,0
173,8650,17,"[36.02743650710475, 88.45008244431199]",27.086181724073924,0.0,0
174,8700,17,"[36.02743650710475, 88.45008244431199]",27.086181724073924,0.0,0
175,8750,17,"[36.02743650710475, 88.45008244431199]",27.086181724073924,0.0,0
176,8800,12,"[36.027436507104746, 88.450082444312]",27.086181724073903,0.0,0
177,8850,12,"[36.027436507104746, 88.450082444312]",27.086181724073903,0.0,0
178,8900,12,"[36.027436507104746, 88.450082444312]",27.086181724073903,0.0,0
179,8950,5,"[36.02743650710477, 88.450082444312]",27.086181724073896,0.0,0
180,9000,5,"[36.02743650710477, 88.450082444312]",27.086181724073896,0.0,0
181,9050,37,"[36.02743650710475, 88.45008244431202]",27.086181724073874,0.0,0
182,9100,37,"[36.02743650710475, 88.45008244431202]",27.086181724073874,0.0,0
183,9150,37,"[36.02743650710475, 88.45008244431202]",27.086181724073874,0.0,0
184,9200,37,"[36.02743650710475, 88.45008244431202]",27.086181724073874,0.0,0
185,9250,37,"[36.02743650710475, 88.45008244431202]",27.086181724073874,0.0,0
186,9300,22,"[36.02743650710476, 88.45008244431202]",27.08618172407386,0.0,0
187,9350,22,"[36.02743650710476, 88.45008244431202]",27.08618172407386,0.0,0
188,9400,22,"[36.02743650710476, 88.45008244431202]",27.08618172407386,0.0,0
189,9450,22,"[36.02743650710476, 88.45008244431202]",27.08618172407386,0.0,0
190,9500,22,"[36.02743650710476, 88.45008244431202]",27.08618172407386,0.0,0
191,9550,22,"[36.02743650710476, 88.45008244431202]",27.08618172407386,0.0,0
192,9600,22,"[36.02743650710476, 88.45008244431202]",27.08618172407386,0.0,0
193,9650,22,"[36.02743650710476, 88.45008244431202]",27.08618172407386,0.0,0
194,9700,22,"[36.02743650710476, 88.45008244431202]",27.08618172407386,0.0,0
195,9750,22,"[36.02743650710476, 88.45008244431202]",27.08618172407386,0.0,0
196,9800,22,"[36.02743650710476, 88.45008244431202]",27.08618172407386,0.0,0
197,9850,22,"[36.02743650710476, 88.45008244431202]",27.08618172407386,0.0,0
198,9900,22,"[36.02743650710476, 88.45008244431202]",27.08618172407386,0.0,0
199,9950,22,"[36.02743650710476, 88.45008244431202]",27.08618172407386,0.0,0
200,10000,22,"[36.02743650710476, 88.45008244431202]",27.08618172407386,0.0,0
