1,50,11,"[26.0, 61.0]",17.755684694082092,0,0
2,100,1,"[26.5, 57.0]",6.1416815104919,0.0,0
3,150,1,"[26.5, 57.0]",6.1416815104919,0.0,0
4,200,1,"[26.5, 57.0]",6.1416815104919,0.0,0
5,250,1,"[26.5, 57.0]",6.1416815104919,0.0,0
6,300,1,"[26.5, 57.0]",6.1416815104919,0.0,0
7,350,1,"[26.5, 57.0]",6.1416815104919,0.0,0
8,400,1,"[26.5, 57.0]",6.1416815104919,0.0,0
9,450,1,"[26.5, 57.0]",6.1416815104919,0.0,0
10,500,1,"[26.5, 57.0]",6.1416815104919,0.0,0
11,550,1,"[26.5, 57.0]",6.1416815104919,0.0,0
12,600,1,"[26.5, 57.0]",6.1416815104919,0.0,0
13,650,1,"[26.5, 57.0]",6.1416815104919,0.0,0
14,700,1,"[26.5, 57.0]",6.1416815104919,0.0,0
15,750,9,"[26.389050483703613, 58.52594470977783]",4.511915127644464,0.0,0
16,800,28,"[26.836726665496826, 57.97280723787844]",0.8382946414892629,0.0,0
17,850,28,"[26.836726665496826, 57.97280723787844]",0.8382946414892629,0.0,0
18,900,28,"[26.836726665496826, 57.97280723787844]",0.8382946414892629,0.0,0
19,950,28,"[26.836726665496826, 57.97280723787844]",0.8382946414892629,0.0,0
20,1000,28,"[26.836726665496826, 57.97280723787844]",0.8382946414892629,0.0,0
21,1050,28,"[26.836726665496826, 57.97280723787844]",0.8382946414892629,0.0,0
22,1100,28,"[26.836726665496826, 57.97280723787844]",0.8382946414892629,0.0,0
23,1150,28,"[26.836726665496826, 57.97280723787844]",0.8382946414892629,0.0,0
24,1200,28,"[26.836726665496826, 57.97280723787844]",0.8382946414892629,0.0,0
25,1250,28,"[26.836726665496826, 57.97280723787844]",0.8382946414892629,0.0,0
26,1300,28,"[26.836726665496826, 57.97280723787844]",0.8382946414892629,0.0,0
27,1350,28,"[26.836726665496826, 57.97280723787844]",0.8382946414892629,0.0,0
28,1400,39,"[27.000854521499065, 57.85678008738711]",0.7168952084573519,0.0,0
29,1450,5,"[27.065770769832167, 57.91441959049001]",0.5920036703421516,0.0,0
30,1500,5,"[27.065770769832167, 57.91441959049001]",0.5920036703421516,0.0,0
31,1550,5,"[27.065770769832167, 57.91441959049001]",0.5920036703421516,0.0,0
32,1600,5,"[27.065770769832167, 57.91441959049001]",0.5920036703421516,0.0,0
33,1650,8,"[27.015572967127017, 58.03620074274212]",0.3351907125352014,0.0,0
34,1700,47,"[26.992169473444562, 57.94950824404007]",0.19620035994317675,0.0,0
35,1750,47,"[26.992169473444562, 57.94950824404007]",0.19620035994317675,0.0,0
36,1800,47,"[26.992169473444562, 57.94950824404007]",0.19620035994317675,0.0,0
37,1850,47,"[26.992169473444562, 57.94950824404007]",0.19620035994317675,0.0,0
38,1900,47,"[26.992169473444562, 57.94950824404007]",0.19620035994317675,0.0,0
39,1950,43,"[27.011304969503588, 57.965862467717734]",0.17384054183462183,0.0,0
40,2000,43,"[27.011304969503588, 57.965862467717734]",0.17384054183462183,0.0,0
41,2050,49,"[26.982149740600814, 57.95809364209871]",0.1468957291880244,0.0,0
42,2100,38,"[27.00572172476342, 57.984620478954334]",0.10976532161379993,0.0,0
43,2150,4,"[26.974190687910895, 57.98178290972254]",0.06791032543524267,0.0,0
44,2200,9,"[26.994336981399016, 57.98355286763734]",0.04609390302292127,0.0,0
45,2250,34,"[26.981432876510056, 57.984309877107556]",0.026238228100503136,0.0,0
46,2300,47,"[26.987874436489694, 57.98786499691873]",0.023541091030864436,0.0,0
47,2350,48,"[26.98791674490527, 57.982826590867745]",0.01217084965514914,0.0,0
48,2400,48,"[26.98791674490527, 57.982826590867745]",0.01217084965514914,0.0,0
49,2450,48,"[26.98791674490527, 57.982826590867745]",0.01217084965514914,0.0,0
50,2500,48,"[26.98791674490527, 57.982826590867745]",0.01217084965514914,0.0,0
51,2550,48,"[26.98791674490527, 57.982826590867745]",0.01217084965514914,0.0,0
52,2600,48,"[26.98791674490527, 57.982826590867745]",0.01217084965514914,0.0,0
53,2650,48,"[26.98791674490527, 57.982826590867745]",0.01217084965514914,0.0,0
54,2700,48,"[26.98791674490527, 57.982826590867745]",0.01217084965514914,0.0,0
55,2750,35,"[26.987102937484266, 57.98221678392291]",0.011624956752172011,0.0,0
56,2800,19,"[26.987317556029666, 57.98375910834465]",0.006919162632684106,0.0,0
57,2850,50,"[26.986542414181173, 57.98414955046417]",0.0024674389085532766,0.0,0
58,2900,20,"[26.98619466579966, 57.983947779892716]",0.0007012309157730101,0.0,0
59,2950,20,"[26.98619466579966, 57.983947779892716]",0.0007012309157730101,0.0,0
60,3000,20,"[26.98619466579966, 57.983947779892716]",0.0007012309157730101,0.0,0
61,3050,20,"[26.98619466579966, 57.983947779892716]",0.0007012309157730101,0.0,0
62,3100,20,"[26.98619466579966, 57.983947779892716]",0.0007012309157730101,0.0,0
63,3150,37,"[26.986182002007677, 57.984118805852255]",0.0005648541791813955,0.0,0
64,3200,37,"[26.986182002007677, 57.984118805852255]",0.0005648541791813955,0.0,0
65,3250,37,"[26.986182002007677, 57.984118805852255]",0.0005648541791813955,0.0,0
66,3300,35,"[26.986094328427328, 57.98402807434766]",0.00014270012293593481,0.0,0
67,3350,35,"[26.986094328427328, 57.98402807434766]",0.00014270012293593481,0.0,0
68,3400,35,"[26.986094328427328, 57.98402807434766]",0.00014270012293593481,0.0,0
69,3450,35,"[26.986094328427328, 57.98402807434766]",0.00014270012293593481,0.0,0
70,3500,35,"[26.986094328427328, 57.98402807434766]",0.00014270012293593481,0.0,0
71,3550,35,"[26.986094328427328, 57.984045939185535]",0.00011231818950818706,0.0,0
72,3600,35,"[26.986094328427328, 57.984045939185535]",0.00011231818950818706,0.0,0
73,3650,35,"[26.986094328427328, 57.984045939185535]",0.00011231818950818706,0.0,0
74,3700,35,"[26.986094328427328, 57.984045939185535]",0.00011231818950818706,0.0,0
75,3750,3,"[26.986099796937392, 57.98405095488036]",9.01687751593272e-05,0.0,0
76,3800,3,"[26.986099796937392, 57.98405095488036]",9.01687751593272e-05,0.0,0
77,3850,3,"[26.986099796937392, 57.98405095488036]",9.01687751593272e-05,0.0,0
78,3900,3,"[26.986099796937392, 57.98405095488036]",9.01687751593272e-05,0.0,0
79,3950,9,"[26.986116646397353, 57.98404847310424]",2.8601846501885575e-05,0.0,0
80,4000,9,"[26.986116646397353, 57.98404847310424]",2.8601846501885575e-05,0.0,0
81,4050,35,"[26.986113232648446, 57.984045939185535]",1.2720072973593233e-05,0.0,0
82,4100,35,"[26.986113232648446, 57.984045939185535]",1.2720072973593233e-05,0.0,0
83,4150,50,"[26.986115212211214, 57.98404333700394]",6.0950396232328785e-06,0.0,0
84,4200,50,"[26.986115212211214, 57.98404333700394]",6.0950396232328785e-06,0.0,0
85,4250,50,"[26.986115212211214, 57.98404333700394]",6.0950396232328785e-06,0.0,0
86,4300,50,"[26.986115212211214, 57.98404333700394]",6.0950396232328785e-06,0.0,0
87,4350,50,"[26.986115212211214, 57.98404333700394]",6.0950396232328785e-06,0.0,0
88,4400,50,"[26.986115212211214, 57.98404333700394]",6.0950396232328785e-06,0.0,0
89,4450,40,"[26.98611440760761, 57.98404431381252]",2.2190191515392144e-06,0.0,0
90,4500,40,"[26.98611440760761, 57.98404431381252]",2.2190191515392144e-06,0.0,0
91,4550,40,"[26.98611440760761, 57.98404431381252]",2.2190191515392144e-06,0.0,0
92,4600,40,"[26.98611440760761, 57.98404431381252]",2.2190191515392144e-06,0.0,0
93,4650,40,"[26.98611440760761, 57.98404431381252]",2.2190191515392144e-06,0.0,0
94,4700,40,"[26.98611440760761, 57.98404431381252]",2.2190191515392144e-06,0.0,0
95,4750,19,"[26.98611456237405, 57.984044173869705]",1.996470871290512e-06,0.0,0
96,4800,33,"[26.98611419979184, 57.984043942632326]",5.635123585534529e-07,0.0,0
97,4850,33,"[26.98611419979184, 57.984043942632326]",5.635123585534529e-07,0.0,0
98,4900,33,"[26.98611419979184, 57.984043942632326]",5.635123585534529e-07,0.0,0
99,4950,33,"[26.98611419979184, 57.984043942632326]",5.635123585534529e-07,0.0,0
100,5000,15,"[26.986114293835037, 57.984043942847606]",6.89451553625986e-08,0.0,0
101,5050,15,"[26.986114293835037, 57.984043942847606]",6.89451553625986e-08,0.0,0
102,5100,15,"[26.986114293835037, 57.984043942847606]",6.89451553625986e-08,0.0,0
103,5150,15,"[26.986114293835037, 57.984043942847606]",6.89451553625986e-08,0.0,0
104,5200,15,"[26.986114293835037, 57.984043942847606]",6.89451553625986e-08,0.0,0
105,5250,15,"[26.986114293835037, 57.984043942847606]",6.89451553625986e-08,0.0,0
106,5300,15,"[26.986114293835037, 57.984043942847606]",6.89451553625986e-08,0.0,0
107,5350,26,"[26.98611430138582, 57.98404393965458]",4.275424458910493e-08,0.0,0
108,5400,26,"[26.98611430138582, 57.98404393965458]",4.275424458910493e-08,0.0,0
109,5450,26,"[26.98611430138582, 57.98404393965458]",4.275424458910493e-08,0.0,0
110,5500,26,"[26.98611430138582, 57.98404393965458]",4.275424458910493e-08,0.0,0
111,5550,26,"[26.98611430138582, 57.98404393965458]",4.275424458910493e-08,0.0,0
112,5600,28,"[26.98611429793182, 57.984043927337154]",2.9202965379226953e-08,0.0,0
113,5650,28,"[26.98611429793182, 57.984043927337154]",2.9202965379226953e-08,0.0,0
114,5700,28,"[26.98611429793182, 57.984043927337154]",2.9202965379226953e-08,0.0,0
115,5750,28,"[26.98611429793182, 57.984043927337154]",2.9202965379226953e-08,0.0,0
116,5800,26,"[26.986114302118505, 57.98404392995832]",1.7258990681057185e-08,0.0,0
117,5850,26,"[26.986114302118505, 57.98404392995832]",1.7258990681057185e-08,0.0,0
118,5900,4,"[26.98611430018847, 57.98404393153261]",3.7081662185300956e-09,0.0,0
119,5950,4,"[26.98611430018847, 57.98404393153261]",3.7081662185300956e-09,0.0,0
120,6000,4,"[26.98611430018847, 57.98404393153261]",3.7081662185300956e-09,0.0,0
121,6050,4,"[26.98611430018847, 57.98404393153261]",3.7081662185300956e-09,0.0,0
122,6100,4,"[26.98611430018847, 57.98404393153261]",3.7081662185300956e-09,0.0,0
123,6150,4,"[26.98611430018847, 57.98404393153261]",3.7081662185300956e-09,0.0,0
124,6200,4,"[26.98611430018847, 57.98404393153261]",3.7081662185300956e-09,0.0,0
125,6250,4,"[26.98611430018847, 57.98404393153261]",3.7081662185300956e-09,0.0,0
126,6300,4,"[26.98611430018847, 57.98404393153261]",3.7081662185300956e-09,0.0,0
127,6350,7,"[26.986114299810787, 57.98404393200951]",1.1037002423108788e-09,0.0,0
128,6400,49,"[26.98611429985167, 57.98404393201491]",9.329497174803691e-10,0.0,0
129,6450,49,"[26.98611429985167, 57.98404393201491]",9.329497174803691e-10,0.0,0
130,6500,49,"[26.98611429985167, 57.98404393201491]",9.329497174803691e-10,0.0,0
131,6550,49,"[26.98611429985167, 57.98404393201491]",9.329497174803691e-10,0.0,0
132,6600,17,"[26.986114299871716, 57.984043932173705]",4.5055514874547953e-10,0.0,0
133,6650,17,"[26.986114299871716, 57.984043932173705]",4.5055514874547953e-10,0.0,0
134,6700,17,"[26.986114299871716, 57.984043932173705]",4.5055514874547953e-10,0.0,0
135,6750,17,"[26.986114299871716, 57.984043932173705]",4.5055514874547953e-10,0.0,0
136,6800,17,"[26.986114299871716, 57.984043932173705]",4.5055514874547953e-10,0.0,0
137,6850,17,"[26.986114299871716, 57.984043932173705]",4.5055514874547953e-10,0.0,0
138,6900,17,"[26.986114299871716, 57.984043932173705]",4.5055514874547953e-10,0.0,0
139,6950,17,"[26.986114299979, 57.984043932173705]",2.133901944034733e-10,0.0,0
140,7000,17,"[26.986114299979, 57.984043932173705]",2.133901944034733e-10,0.0,0
141,7050,17,"[26.986114299979, 57.984043932173705]",2.133901944034733e-10,0.0,0
142,7100,17,"[26.986114299979, 57.984043932173705]",2.133901944034733e-10,0.0,0
143,7150,48,"[26.98611429992327, 57.98404393216505]",1.646185410209e-10,0.0,0
144,7200,48,"[26.98611429992327, 57.98404393216505]",1.646185410209e-10,0.0,0
145,7250,33,"[26.986114299947403, 57.98404393214822]",1.461586407458526e-11,0.0,0
146,7300,33,"[26.986114299947403, 57.98404393214822]",1.461586407458526e-11,0.0,0
147,7350,33,"[26.986114299947403, 57.98404393214822]",1.461586407458526e-11,0.0,0
148,7400,33,"[26.986114299947403, 57.98404393214822]",1.461586407458526e-11,0.0,0
149,7450,33,"[26.986114299947403, 57.98404393214822]",1.461586407458526e-11,0.0,0
150,7500,37,"[26.986114299947182, 57.98404393215144]",1.06439301816863e-11,0.0,0
151,7550,37,"[26.986114299947182, 57.98404393215144]",1.06439301816863e-11,0.0,0
152,7600,37,"[26.986114299947182, 57.98404393215144]",1.06439301816863e-11,0.0,0
153,7650,37,"[26.986114299947182, 57.98404393215144]",1.06439301816863e-11,0.0,0
154,7700,37,"[26.986114299947182, 57.98404393215144]",1.06439301816863e-11,0.0,0
155,7750,37,"[26.986114299947182, 57.98404393215144]",1.06439301816863e-11,0.0,0
156,7800,37,"[26.986114299947182, 57.98404393215144]",1.06439301816863e-11,0.0,0
157,7850,33,"[26.986114299947403, 57.98404393215161]",1.021049911287264e-11,0.0,0
158,7900,11,"[26.98611429994928, 57.98404393215098]",4.11404244005098e-12,0.0,0
159,7950,11,"[26.98611429994928, 57.98404393215098]",4.11404244005098e-12,0.0,0
160,8000,11,"[26.98611429994928, 57.98404393215098]",4.11404244005098e-12,0.0,0
161,8050,11,"[26.98611429994928, 57.98404393215098]",4.11404244005098e-12,0.0,0
162,8100,11,"[26.98611429994928, 57.98404393215098]",4.11404244005098e-12,0.0,0
163,8150,11,"[26.98611429994928, 57.98404393215098]",4.11404244005098e-12,0.0,0
164,8200,11,"[26.98611429994928, 57.98404393215098]",4.11404244005098e-12,0.0,0
165,8250,11,"[26.98611429994928, 57.98404393215098]",4.11404244005098e-12,0.0,0
166,8300,7,"[26.986114299949318, 57.984043932150236]",3.112177182629239e-12,0.0,0
167,8350,7,"[26.986114299949318, 57.984043932150236]",3.112177182629239e-12,0.0,0
168,8400,48,"[26.986114299948547, 57.9840439321505]",1.4495071809506044e-12,0.0,0
169,8450,48,"[26.986114299948547, 57.9840439321505]",1.4495071809506044e-12,0.0,0
170,8500,38,"[26.98611429994889, 57.98404393215021]",1.3429257705865894e-12,0.0,0
171,8550,45,"[26.986114299948955, 57.98404393215027]",1.2505552149377763e-12,0.0,0
172,8600,45,"[26.986114299948955, 57.98404393215027]",1.2505552149377763e-12,0.0,0
173,8650,7,"[26.98611429994872, 57.984043932150236]",1.1510792319313623e-12,0.0,0
174,8700,33,"[26.986114299948802, 57.98404393215023]",1.1155520951433573e-12,0.0,0
175,8750,42,"[26.986114299948873, 57.984043932150385]",4.973799150320701e-13,0.0,0
176,8800,42,"[26.986114299948873, 57.984043932150385]",4.973799150320701e-13,0.0,0
177,8850,10,"[26.98611429994877, 57.98404393215044]",1.6342482922482304e-13,0.0,0
178,8900,10,"[26.98611429994877, 57.98404393215044]",1.6342482922482304e-13,0.0,0
179,8950,41,"[26.986114299948788, 57.98404393215043]",4.263256414560601e-14,0.0,0
180,9000,41,"[26.986114299948788, 57.98404393215043]",4.263256414560601e-14,0.0,0
181,9050,41,"[26.986114299948788, 57.98404393215043]",4.263256414560601e-14,0.0,0
182,9100,41,"[26.986114299948788, 57.98404393215043]",4.263256414560601e-14,0.0,0
183,9150,41,"[26.986114299948788, 57.98404393215043]",4.263256414560601e-14,0.0,0
184,9200,41,"[26.986114299948788, 57.98404393215043]",4.263256414560601e-14,0.0,0
185,9250,41,"[26.986114299948788, 57.98404393215043]",4.263256414560601e-14,0.0,0
186,9300,42,"[26.986114299948795, 57.98404393215043]",0.0,0.0,0
187,9350,42,"[26.986114299948795, 57.98404393215043]",0.0,0.0,0
188,9400,42,"[26.986114299948795, 57.98404393215043]",0.0,0.0,0
189,9450,42,"[26.986114299948795, 57.98404393215043]",0.0,0.0,0
190,9500,42,"[26.986114299948795, 57.98404393215043]",0.0,0.0,0
191,9550,42,"[26.986114299948795, 57.98404393215043]",0.0,0.0,0
192,9600,42,"[26.986114299948795, 57.98404393215043]",0.0,0.0,0
193,9650,42,"[26.986114299948795, 57.98404393215043]",0.0,0.0,0
194,9700,42,"[26.986114299948795, 57.98404393215043]",0.0,0.0,0
195,9750,42,"[26.986114299948795, 57.98404393215043]",0.0,0.0,0
196,9800,42,"[26.986114299948795, 57.98404393215043]",0.0,0.0,0
197,9850,42,"[26.986114299948795, 57.98404393215043]",0.0,0.0,0
198,9900,42,"[26.986114299948795, 57.98404393215043]",0.0,0.0,0
199,9950,42,"[26.986114299948795, 57.98404393215043]",0.0,0.0,0
200,10000,42,"[26.986114299948795, 57.98404393215043]",0.0,0.0,0
